# Time of B-band maximum light as fit for in MLCS2k2 (RV=1.7).  Objects
# with A_V > 2.0, mlcs-reduced-chi^2 > 1.6 and phase of first
# observation ("t_1st_obs") > 20d have been removed.  Also, only 
# nearby objects are listed (z<=0.15).
#
# SN   t_max(MJD)   +/-	  t_1st
sn72E 41446.5200 0.7300 8.7990
sn80N 44585.3600 0.6900 -0.7660
sn81B 44670.8400 0.6900 -0.0650
sn81D 44680.1300 0.5100 -5.2410
sn86G 46561.2400 0.2100 -5.6420
sn89B 47564.0700 0.6200 -2.2600
sn90N 48081.8200 0.1700 -10.2840
sn90O 48076.1000 0.9500 0.5880
sn90T 48082.9700 0.9200 14.9260
sn90Y 48117.0000 0.6500 15.2970
sn90af 48196.0400 0.4200 -3.2760
sn91S 48348.1100 0.9900 10.8370
sn91T 48374.0500 0.1400 -11.1390
sn91U 48356.0400 1.4000 10.3620
sn91ag 48413.8900 1.2500 5.8600
sn91bg 48602.4600 0.4700 1.5350
sn92A 48640.4600 0.1600 -6.8010
sn92J 48675.7500 0.4800 10.5560
sn92P 48719.4200 0.7600 -0.7340
sn92ae 48804.1900 1.3500 1.5210
sn92ag 48807.1500 0.7400 -0.6110
sn92al 48838.2400 0.3800 -5.2950
sn92aq 48833.1300 1.1300 2.5000
sn92au 48829.8100 1.1500 14.1970
sn92bc 48912.1000 0.1700 -10.1880
sn92bg 48915.0600 1.0600 4.5790
sn92bh 48920.1000 1.0200 -0.2540
sn92bk 48938.9400 1.5300 8.3070
sn92bl 48945.8700 0.9800 3.5350
sn92bo 48986.2900 0.1700 -7.5400
sn92bp 48980.0900 0.7300 -1.2980
sn92br 48985.3100 1.1100 1.2690
sn92bs 48984.4700 1.3400 3.0670
sn93B 49003.7000 1.1200 3.8440
sn93H 49068.3500 0.6500 -0.5600
sn93L 49099.3900 0.3800 13.4260
sn93O 49134.3000 0.3800 -6.2480
sn93ac 49269.6900 1.1000 6.9630
sn93ae 49288.3000 0.7500 14.0330
sn93ag 49316.1700 0.7200 -1.2560
sn93ah 49302.4600 1.1400 11.7760
sn94D 49432.6400 0.0800 -13.6930
sn94M 49473.6600 0.8300 3.0310
sn94Q 49496.4300 1.0200 11.0480
sn94S 49518.2900 0.4400 -4.5200
sn94T 49514.3800 0.5400 0.4050
sn94ae 49684.7900 0.1600 -11.7670
sn95D 49768.6800 0.4400 -6.5610
sn95E 49774.5300 0.5500 -1.8070
sn95ac 49992.8000 0.4000 -4.9100
sn95ak 50020.9900 0.7700 3.7150
sn95al 50029.2500 0.4000 -4.2310
sn95bd 50086.3000 0.1800 -8.3760
sn96C 50128.4300 0.8800 2.4400
sn96X 50190.8100 0.3200 -2.9870
sn96Z 50215.8200 1.4400 5.7400
sn96ab 50225.3500 1.0900 0.3990
sn96bk 50368.5800 1.0500 3.0030
sn96bl 50376.3800 0.5800 -2.4860
sn96bo 50386.9400 0.3000 -6.1830
sn96bv 50403.4300 1.1200 5.3820
sn97E 50467.6900 0.3700 -2.7380
sn97Y 50486.5000 1.3700 2.4230
sn97bp 50547.9200 0.6700 -1.1220
sn97bq 50557.7800 0.2200 -10.0700
sn97br 50558.6700 0.2400 -8.1160
sn97cn 50584.7300 0.9100 7.2160
sn97cw 50630.3800 0.8800 12.3520
sn97dg 50720.1700 0.8400 0.7040
sn97do 50766.0800 0.4000 -6.0130
sn97dt 50785.8700 0.4000 -8.2070
sn98V 50891.3500 0.7100 2.6070
sn98ab 50914.2300 0.2800 -7.2140
sn98aq 50930.8500 0.1200 -10.1630
sn98bp 50936.3800 0.3000 -1.4830
sn98bu 50952.5800 0.2000 -7.8790
sn98co 50987.5000 1.3900 3.3420
sn98de 51026.9500 0.1500 -8.8070
sn98dh 51029.5800 0.2400 -7.5710
sn98dm 51061.8800 0.9300 9.8740
sn98dx 51071.9300 0.8300 0.6560
sn98ef 51113.9300 0.2900 -7.1790
sn98eg 51110.7900 1.2900 -0.1190
sn98es 51141.8500 0.1500 -10.9810
sn99X 51205.2100 1.0700 12.2880
sn99aa 51231.8400 0.1400 -9.9230
sn99ac 51250.1900 0.1700 -14.0050
sn99aw 51254.0800 0.3700 -8.3590
sn99by 51309.4900 0.1200 -10.7890
sn99cc 51315.6500 0.3800 -2.7260
sn99cp 51363.2700 0.2600 -7.4700
sn99da 51371.0600 0.1900 -9.1410
sn99dk 51413.3300 0.8700 -0.3430
sn99dq 51435.2600 0.1300 -10.1820
sn99ee 51469.1900 0.1200 -9.4050
sn99ef 51457.7300 1.1000 6.8130
sn99ej 51482.4300 0.9600 5.2500
sn99ek 51482.0500 0.3800 -3.1560
sn99gd 51517.9100 1.0200 3.9440
sn99gh 51512.9600 1.0300 7.9260
sn99gp 51549.7500 0.1500 -12.6070
sn00B  51567.1600 0.2600 11.4430
sn00E  51577.0000 0.2300 -15.6730
sn00bh 51635.4500 1.2800 6.1330
sn00bk 51646.2300 0.8800 12.1480
sn00ca 51666.6300 0.4200 -2.8030
sn00ce 51667.2700 1.0300 7.2390
sn00cf 51672.0700 0.7700 3.4920
sn00cn 51707.8900 0.1700 -7.8520
sn00cx 51752.9100 0.1200 -8.8680
sn00dk 51812.4100 0.2400 -4.4520
sn00fa 51892.1100 0.2100 -9.9880
sn01G 51929.4100 1.7100 0.8950
sn01ah 52006.4400 1.0500 -3.8720
sn01ay 52020.9300 1.4600 1.4560
sn01az 52033.2100 1.0300 1.1430
sn01ba 52034.3600 0.4300 -3.6490
sn01bf 52045.6300 1.2000 1.7260
sn01bt 52064.0900 0.2400 -8.1930
sn01cn 52070.8600 0.6400 4.9020
sn01cp 52088.3900 0.8800 -3.9120
sn01cz 52103.9600 0.2800 -6.3600
sn01da 52103.2400 1.1200 6.1090
sn01eh 52169.3000 0.7900 0.0190
sn01el 52182.0600 0.1700 -10.1660
sn01en 52190.7900 0.8100 5.5060
sn01ep 52199.5400 0.4000 -4.0590
sn01fe 52229.3200 0.6500 -1.7970
sn01fh 52223.8000 0.3000 -3.6620
sn01gb 52247.4400 1.7800 9.7740
sn01ic 52246.7300 1.4700 9.9940
sn01ie 52250.3000 1.4700 7.0210
sn01n 51927.3500 1.4200 5.9310
sn01v 51972.6000 0.1900 -12.8750
sn02bf 52336.9700 0.7500 -7.0150
sn02bo 52356.6400 0.1400 -12.3380
sn02bz 52367.1800 1.3700 6.0480
sn02cd 52383.1600 0.2500 -7.6210
sn02ck 52396.6500 1.4500 5.5290
sn02cr 52408.3800 0.1800 -9.0630
sn02cx 52415.1200 0.7800 -3.2640
sn02de 52433.4400 0.3900 -5.0990
sn02dj 52450.5600 0.1700 -10.2920
sn02do 52442.4200 1.1800 3.0010
sn02dp 52450.3900 0.3800 -3.8770
sn02er 52524.9700 0.1500 -7.5810
sn02eu 52516.6900 1.6400 13.1540
sn02fb 52527.0500 0.7600 4.2290
sn02fk 52547.8400 0.4500 -2.4110
sn02g 52300.1800 0.8700 -4.5520
sn02ha 52580.1900 0.4200 -2.9720
sn02hd 52574.7800 1.3800 4.5300
sn02he 52585.7500 0.3300 -6.1600
sn02hu 52591.9400 0.3900 -4.5160
sn02hw 52595.2600 0.2400 -4.9350
sn02jy 52633.9600 0.9500 1.1780
sn02kf 52638.2200 0.7500 3.0640
sn03D 52640.5600 1.4700 8.6390
sn03K 52653.8400 0.6600 13.4020
sn03U 52677.2500 0.2500 -6.5410
sn03W 52679.7200 0.1900 -8.2410
sn03ae 52665.2700 0.6800 13.6260
sn03ai 52690.5000 1.6800 14.4680
sn03ch 52724.7100 0.9500 1.3880
sn03cq 52738.6600 0.5900 -5.0060
sn03du 52765.4200 0.1700 -8.0440
sn03fa 52806.0200 0.2000 -8.3260
sn03hu 52898.8500 2.2500 8.6480
sn03ic 52905.7500 1.5500 3.3690
sn03it 52934.4500 0.5700 -2.1850
sn03iv 52933.7300 0.7700 -0.3710
sn03kf 52980.6500 0.3900 -3.3760
sn04as 53084.9800 0.4900 -4.5140
sn04bg 53109.9200 1.0300 2.2700
sn04fu 53325.6700 0.4800 -4.5290
sn04l 53029.0100 1.4800 3.3030
sn05am 53434.8400 0.7200 2.3900
sn05cf 53533.6800 0.1400 -12.3660
sn05dv 53625.2900 0.5200 -1.1700
sn05el 53646.2700 0.2500 -5.7430
sn05eq 53654.0200 0.3500 -5.4960
sn05eu 53659.7400 0.2400 -9.1130
sn05ew 53636.2500 0.7300 14.1550
sn05hc 53667.7100 0.4500 -3.1660
sn05hf 53661.7600 0.9700 8.1280
sn05hj 53674.7800 1.1500 1.3370
sn05iq 53687.4500 0.3400 -5.1000
sn05ir 53684.8300 0.8500 -2.4190
sn05kc 53697.3100 0.2100 -8.0840
sn05ke 53699.0100 0.1300 -9.6630
sn05ki 53705.5600 0.1500 -11.8380
sn05ls 53714.1600 0.7400 0.0870
sn05lu 53714.0700 0.8800 12.6790
sn05lz 53736.0900 0.3100 -5.5330
sn05mc 53733.6100 0.2800 -2.2660
sn05ms 53743.4500 0.2500 -6.8360
sn05mz 53745.6900 0.1800 -8.2190
sn05na 53740.6300 0.6900 4.5300
sn06ac 53781.0500 0.3600 -3.5130
sn06ah 53772.5700 0.9600 13.2680
sn06ak 53779.7200 0.9000 8.3350
sn06al 53787.7100 1.0500 3.3700
sn06an 53791.4200 1.1100 2.7820
sn06ar 53813.1400 0.3100 -9.5980
sn06ax 53826.7900 0.1500 -9.3150
sn06az 53826.1200 0.2600 -5.6510
sn06b 53733.0400 0.8300 11.8570
sn06bb 53815.3700 0.3800 11.5170
sn06bd 53820.8900 0.9800 8.2040
sn06bk 53826.2200 1.0900 9.6490
sn06bq 53846.3000 0.6100 4.0750
sn06br 53850.2800 0.9200 1.9970
sn06bt 53856.9200 0.6000 -2.5050
sn06bu 53856.2300 1.8200 1.9600
sn06bw 53849.8200 1.7800 9.1800
sn06bz 53862.4300 0.3400 -1.1100
sn06cc 53873.3000 0.1800 -8.7680
sn06cf 53872.2200 1.2100 1.9150
sn06cg 53867.0500 1.7500 5.9290
sn06cj 53879.2700 0.9400 0.0300
sn06cm 53885.4300 0.7400 -0.9640
sn06cp 53896.7400 0.1700 -11.3220
sn06cq 53889.8000 0.7800 -3.3100
sn06cs 53889.3700 0.7500 4.8680
sn06d 53756.7100 0.2900 -4.2650
sn06ef 53967.9500 1.0200 9.3290
sn06ej 53973.0900 1.0100 4.2210
sn06em 53973.3500 1.0200 10.9120
sn06en 53971.6600 0.8900 5.5350
sn06et 53994.0500 0.6700 -2.6270
sn06eu 53989.6900 0.8000 1.6010
sn06ev 53986.3400 0.8200 13.4890
sn06gj 53999.3000 0.5800 -0.8240
sn06gr 54012.0200 0.2000 -9.3710
sn06gt 54001.6700 1.4600 5.3880
sn06h 53752.1500 0.5800 3.9250
sn06ha 54012.3800 0.5600 -5.0700
sn06hb 54001.0000 1.0100 6.3620
sn06is 54007.4300 1.3400 7.7810
sn06je 54015.5200 0.8900 13.4120
sn06ke 54030.4500 0.7400 0.9930
sn06kf 54040.6700 0.5400 -1.2320
sn06le 54047.2500 0.1700 -10.5930
sn06lf 54045.0200 0.1900 -8.4160
sn06mo 54046.7600 0.6400 -1.4640
sn06mp 54053.2900 0.2700 -7.0660
sn06n 53760.7500 0.5200 0.5870
sn06nz 54057.8700 0.3500 -2.5980
sn06oa 54066.1000 0.2500 -7.5410
sn06ob 54062.5200 0.3000 -4.0710
sn06on 54063.8100 0.9300 -2.4500
sn06or 54066.1300 1.7300 4.2930
sn06os 54061.6800 1.0300 2.4550
sn06qo 54081.9600 0.2000 -10.2030
sn06s 53769.1400 0.3800 -4.5280
sn06sr 54091.9500 0.5000 -1.8230
sn06td 54098.9200 0.8500 0.2370
sn06te 54096.7000 0.8900 3.4380
sn07ae 54154.0800 1.0000 3.2440
sn07af 54173.8200 0.1400 -11.3940
sn07ai 54173.5300 1.0200 -1.0450
sn07al 54167.6900 0.8500 4.4880
sn07ap 54166.9300 0.7400 8.4300
sn07ar 54177.7400 0.7000 0.4340
sn07au 54184.0500 0.2000 -5.7030
sn07ax 54185.2500 0.6200 4.8190
sn07ba 54198.8100 0.9800 5.2640
sn07bc 54199.8500 0.4200 -2.5490
sn07bd 54206.5100 0.1800 -9.1000
sn07bm 54224.1200 0.1500 -9.8550
sn07bz 54215.7500 0.6500 -0.5550
sn07ca 54226.7600 0.2000 -9.4250
sn07cg 54227.2400 1.6800 6.7490
sn07ci 54246.4200 0.1700 -8.1260
sn07co 54264.5800 0.2900 -5.0700
sn07cq 54280.5200 0.2900 -5.9120
sn07f 54123.3900 0.2100 -7.6760
sn07h 54106.2600 1.7400 10.6610
sn07n 54120.8300 0.8200 5.5260
sn07o 54123.8000 0.9100 4.5510
sn07qe 54428.9400 0.1600 -9.4240
sn07r 54127.2500 0.7000 1.9430
sn07s 54144.0800 0.2700 -6.5860
sn07sr 54448.3400 0.6300 5.1620
sn08L 54492.3800 1.1800 -1.1770
sn08af 54501.3700 1.0000 7.8750
sn08bf 54554.5600 0.3300 -5.0690