SN    JD_max   First_obs      dM15       B_max   V_Bmax  I_Bmax
1997E   2,450,468.0 -3.1    1.39 \pm 0.06   15.59   15.47   15.50
1997Y   2,450,487.5 1.4 1.25 \pm 0.10   15.28   15.31   15.39
1997bp  2,450,550.3 -3.5    1.00 \pm 0.05   14.15   13.89   14.10
1997bq  2,450,558.5 -10.8   1.01 \pm 0.05   14.57   14.27   14.38
1997br  2,450,559.7 -7.8    1.02 \pm 0.06   14.02   13.61   13.45
1997cn  2,450,583.9 13.6    1.90 \pm 0.05   16.93   16.44   16.24
1997cw  2,450,627.1 15.6    1.02 \pm 0.10   16.00   15.52   15.34
1997dg  2,450,722.6 -1.6    1.13 \pm 0.09   17.20   17.11   17.16
1997do  2,450,767.0 -7.0    0.99 \pm 0.10   14.56   14.46   14.60
1997dt  2,450,786.6 -8.9    1.04 \pm 0.15   15.64   15.08   14.55
1998D   2,450,841.2 32.4    \ldots  \ldots  \ldots  \ldots
1998V   2,450,891.1 2.9 1.06 \pm 0.05   15.88   15.71   15.63
1998ab  2,450,915.2 -8.2    0.88 \pm 0.17   15.94   15.93   15.99
1998bp  2,450,936.4 -1.5    1.83 \pm 0.06   15.73   15.29   15.09
1998co  2,450,987.2 3.7 \ldots  \ldots  \ldots  \ldots
1998de  2,451,026.2 -4.2    1.93 \pm 0.05   17.55   16.83   16.58
1998dh  2,451,030.0 -8.0    1.23 \pm 0.17   14.24   13.99   14.07
1998dk  2,451,056.8 18.7    1.05 \pm 0.10   14.93   14.74   14.82
1998dm  2,451,061.2 10.5    1.07 \pm 0.06   14.70   14.48   14.29
1998dx  2,451,072.6 0.0 1.55 \pm 0.09   17.71   17.76   17.90
1998ec  2,451,088.6 13.1    1.08 \pm 0.09   16.44   16.21   16.23
1998ef  2,451,114.5 -7.7    0.97 \pm 0.10   15.21   15.18   15.29
1998eg  2,451,111.4 -0.7    1.15 \pm 0.09   16.62   16.50   16.51
1998es  2,451,143.4 -9.4    0.87 \pm 0.08   13.99   13.87   14.12
1999X   2,451,206.0 11.5    1.11 \pm 0.08   16.45   16.29   16.32
1999aa  2,451,233.0 -9.9    0.85 \pm 0.08   14.91   14.91   15.25
1999ac  2,451,251.2 -4.2    1.00 \pm 0.08   14.34   14.28   14.33
1999cc  2,451,315.5 -2.5    1.46 \pm 0.05   16.85   16.85   17.08
1999cl  2,451,342.2 -6.5    1.19 \pm 0.19   15.11   13.90   13.10
1999cw  2,451,355.9 20.8    \ldots  \ldots  \ldots  \ldots
1999dq  2,451,436.7 -9.5    0.88 \pm 0.08   14.88   14.68   14.77
1999ef  2,451,457.7 6.9 1.06 \pm 0.05   17.52   17.39   17.70
1999ej  2,451,483.7 4.0 1.41 \pm 0.05   15.65   15.63   15.71
1999ek  2,451,481.6 6.2 1.13 \pm 0.09   17.97   17.19   16.56
1999gd  2,451,518.5 3.4 1.16 \pm 0.06   17.02   16.61   16.29
1999gh  2,451,510.4 10.4    1.69 \pm 0.05   14.46   14.27   14.27
1999gp  2,451,551.1 -5.1    0.87 \pm 0.08   16.25   16.12   16.44
2000B   2,451,564.8 13.8    1.46 \pm 0.05   15.94   15.80   15.99
2000ce  2,451,667.6 6.9 1.06 \pm 0.10   17.39   16.71   16.23
2000cf  2,451,674.4 2.4 1.27 \pm 0.12   17.15   17.12   17.34
2000cn  2,451,707.5 -7.5    1.58 \pm 0.12   16.82   16.64   16.71
2000cx  2,451,752.2 -0.2    \ldots  \ldots  \ldots  \ldots
2000dk  2,451,812.5 -4.5    1.57 \pm 0.09   15.63   15.57   15.77
2000fa  2,451,892.7 -10.5   1.00 \pm 0.10   15.99   15.95   16.13