#Table 7
#Fit Parameters of low-z Sample
#SN	Set	z_cmb	MJD_peak	P_fit	x_1	c	m_B	mu	E(B - V)	
1990O	JRK07	0.031(0.001)	48076.88(0.59)	0.9960	0.476(0.231)	-0.054(0.036)	15.993(0.065)	35.587(0.166)	0.075(0.012)	
1990af	JRK07	0.050(0.001)	48196.03(0.27)	1.0000	-2.114(0.235)	-0.038(0.048)	17.508(0.039)	36.689(0.190)	0.028(0.005)	
1992P	JRK07	0.026(0.001)	48719.90(0.50)	0.4810	0.069(0.352)	-0.083(0.045)	15.811(0.036)	35.441(0.195)	0.017(0.003)	
1992ae	JRK07	0.075(0.001)	48804.90(0.66)	0.7470	-0.708(0.186)	-0.029(0.055)	18.216(0.052)	37.565(0.199)	0.029(0.005)	
1992aq	JRK07	0.101(0.001)	48834.37(0.69)	1.0000	-1.326(0.264)	-0.071(0.063)	19.065(0.053)	38.460(0.215)	0.010(0.002)	
1992al	JRK07	0.014(0.001)	48838.84(0.17)	1.0000	-0.222(0.110)	-0.110(0.029)	14.204(0.036)	33.880(0.198)	0.027(0.004)	
1992bc	JRK07	0.021(0.001)	48913.16(0.08)	0.3520	0.782(0.100)	-0.121(0.027)	14.847(0.032)	34.700(0.169)	0.018(0.003)	
1992bh	JRK07	0.042(0.001)	48921.06(0.57)	0.9960	-0.053(0.182)	0.042(0.047)	17.363(0.038)	36.575(0.188)	0.018(0.003)	
1992bl	JRK07	0.042(0.001)	48947.68(0.48)	0.9640	-1.631(0.138)	-0.045(0.051)	17.070(0.050)	36.342(0.196)	0.009(0.001)	
1992bp	JRK07	0.079(0.001)	48980.87(0.33)	0.9480	-0.882(0.163)	-0.102(0.052)	18.075(0.049)	37.631(0.194)	0.056(0.009)	
1992bs	JRK07	0.063(0.001)	48986.08(0.58)	0.9680	-0.230(0.166)	-0.034(0.049)	18.046(0.045)	37.478(0.185)	0.009(0.001)	
1992bo	JRK07	0.019(0.001)	48986.62(0.10)	1.0000	-1.983(0.112)	-0.050(0.031)	15.501(0.036)	34.739(0.177)	0.022(0.003)	
1993B	JRK07	0.071(0.001)	49006.04(0.74)	0.0621	-0.395(0.196)	0.069(0.057)	18.265(0.069)	37.345(0.197)	0.064(0.010)	
1993H	JRK07	0.025(0.001)	49067.70(0.39)	0.9770	-1.972(0.096)	0.092(0.032)	16.417(0.052)	35.202(0.165)	0.049(0.008)	
1993O	JRK07	0.052(0.001)	49134.68(0.16)	0.7920	-0.563(0.138)	-0.077(0.046)	17.383(0.045)	36.905(0.181)	0.043(0.007)	
1993ag	JRK07	0.049(0.001)	49317.30(0.33)	0.8030	-0.784(0.154)	0.082(0.051)	17.635(0.067)	36.618(0.192)	0.083(0.013)	
1994S	JRK07	0.016(0.001)	49518.66(0.31)	0.5680	0.287(0.229)	-0.082(0.030)	14.504(0.037)	34.160(0.188)	0.017(0.003)	
1995ac	JRK07	0.049(0.001)	49993.54(0.17)	0.6400	0.724(0.119)	-0.048(0.028)	16.807(0.037)	36.417(0.149)	0.034(0.005)	
1995ak	JRK07	0.022(0.001)	50022.45(0.51)	0.2310	-1.071(0.168)	0.070(0.036)	15.775(0.052)	34.757(0.172)	0.031(0.005)	
1996C	JRK07	0.028(0.001)	50129.51(0.47)	0.9300	0.510(0.167)	0.049(0.030)	16.362(0.038)	35.631(0.164)	0.011(0.002)	
1996ab	JRK07	0.124(0.001)	50223.37(1.36)	0.8210	0.074(0.436)	-0.179(0.057)	19.291(0.060)	39.231(0.220)	0.026(0.004)	
1996bl	JRK07	0.035(0.001)	50377.10(0.24)	0.8580	-0.071(0.153)	-0.002(0.032)	16.472(0.061)	35.822(0.154)	0.074(0.012)	
1997E	JRK07	0.013(0.001)	50468.54(0.20)	1.0000	-1.634(0.169)	0.028(0.034)	14.915(0.072)	33.953(0.204)	0.092(0.015)	
1997Y	JRK07	0.017(0.001)	50488.76(1.03)	0.9920	-0.930(0.270)	0.001(0.032)	15.080(0.037)	34.302(0.190)	0.014(0.002)	
1997dg	JRK07	0.030(0.001)	50721.01(0.44)	0.8980	-0.394(0.225)	-0.020(0.034)	16.618(0.057)	35.982(0.164)	0.063(0.010)	
1997do	JRK07	0.011(0.001)	50766.87(0.16)	0.0903	0.244(0.221)	0.070(0.033)	14.103(0.055)	33.269(0.232)	0.051(0.008)	
1998V	JRK07	0.017(0.001)	50892.86(0.35)	0.5220	-0.278(0.123)	0.029(0.040)	14.983(0.106)	34.205(0.185)	0.145(0.023)	
1998ab	JRK07	0.028(0.001)	50914.77(0.11)	0.0078	0.258(0.127)	0.103(0.030)	15.896(0.036)	34.956(0.160)	0.014(0.002)	
1998bp	JRK07	0.011(0.001)	50935.42(0.46)	0.2480	-2.471(0.185)	0.188(0.037)	15.044(0.061)	33.450(0.235)	0.061(0.010)	
1998co	JRK07	0.017(0.001)	50987.72(1.81)	0.9980	-2.997(2.869)	0.029(0.060)	15.376(0.098)	34.218(0.410)	0.035(0.006)	
1998dx	JRK07	0.054(0.001)	51072.60(0.65)	0.9760	-1.678(0.395)	-0.099(0.040)	17.305(0.054)	36.742(0.168)	0.033(0.005)	
1998eg	JRK07	0.024(0.001)	51111.49(0.91)	0.9950	-0.561(0.416)	0.017(0.037)	15.935(0.072)	35.156(0.182)	0.091(0.015)	
1998ef	JRK07	0.018(0.001)	51114.24(0.18)	0.9520	-1.048(0.240)	-0.095(0.034)	14.569(0.059)	34.081(0.183)	0.059(0.009)	
1999aw	JRK07	0.039(0.001)	51255.11(0.33)	0.2000	2.246(0.179)	-0.084(0.029)	16.490(0.035)	36.427(0.156)	0.026(0.004)	
1999cc	JRK07	0.032(0.001)	51315.96(0.28)	1.0000	-1.567(0.152)	-0.011(0.028)	16.520(0.032)	35.692(0.156)	0.019(0.003)	
1999cp	JRK07	0.011(0.001)	51364.08(0.16)	0.6690	0.339(0.199)	-0.084(0.031)	13.688(0.037)	33.360(0.231)	0.019(0.003)	
1999dq	JRK07	0.013(0.001)	51436.62(0.06)	1.0000	0.849(0.063)	0.059(0.030)	14.191(0.064)	33.475(0.198)	0.081(0.013)	
1999ee	JRK07	0.011(0.001)	51470.18(0.04)	1.0000	0.797(0.044)	0.239(0.025)	14.611(0.029)	33.312(0.222)	0.016(0.003)	
1999ek	JRK07	0.018(0.001)	51482.76(0.14)	1.0000	-0.677(0.106)	0.159(0.072)	15.703(0.242)	34.456(0.200)	0.415(0.066)	
1999gp	JRK07	0.027(0.001)	51551.39(0.07)	1.0000	1.583(0.082)	0.014(0.028)	15.786(0.042)	35.319(0.158)	0.045(0.007)	
2000ca	JRK07	0.023(0.001)	51666.66(0.24)	0.9450	0.479(0.127)	-0.102(0.029)	15.325(0.049)	35.073(0.165)	0.054(0.009)	
2000cf	JRK07	0.037(0.001)	51673.41(0.39)	0.9330	-0.485(0.110)	-0.021(0.030)	16.815(0.041)	36.168(0.152)	0.026(0.004)	
2000cn	JRK07	0.024(0.001)	51707.91(0.12)	0.9940	-2.376(0.256)	0.086(0.032)	16.299(0.047)	35.046(0.168)	0.046(0.007)	
2000dk	JRK07	0.018(0.001)	51812.89(0.18)	0.9990	-1.906(0.171)	-0.020(0.033)	15.115(0.051)	34.269(0.183)	0.057(0.009)	
2000fa	JRK07	0.022(0.001)	51893.07(0.12)	0.9620	0.496(0.147)	0.048(0.032)	15.652(0.053)	34.923(0.172)	0.056(0.009)	
2001V	JRK07	0.017(0.001)	51974.28(0.06)	1.0000	0.854(0.101)	-0.020(0.027)	14.319(0.032)	33.858(0.257)	0.016(0.003)	
2001ba	JRK07	0.030(0.001)	52034.83(0.20)	0.7880	0.111(0.121)	-0.181(0.041)	15.932(0.047)	35.883(0.179)	0.052(0.008)	
2001cn	JRK07	0.015(0.001)	52073.56(0.30)	1.0000	-0.584(0.080)	0.131(0.029)	15.036(0.047)	33.890(0.186)	0.048(0.008)	
2001cz	JRK07	0.015(0.001)	52104.51(0.15)	0.9980	0.085(0.112)	0.048(0.031)	14.807(0.061)	34.019(0.188)	0.086(0.014)	
2001G	CFA3	0.018(0.001)	51931.25(1.43)	0.9120	0.163(0.480)	-0.042(0.044)	14.710(0.052)	34.223(0.198)	0.013(0.002)	
2001V	CFA3	0.016(0.001)	51973.81(0.08)	0.9990	0.855(0.125)	-0.008(0.028)	14.312(0.034)	33.811(0.249)	0.016(0.003)	
2001ah	CFA3	0.059(0.001)	52006.90(0.97)	0.8110	1.134(0.731)	-0.033(0.033)	17.385(0.073)	37.004(0.214)	0.011(0.002)	
2001ay	CFA3	0.031(0.001)	52025.61(0.64)	0.0821	2.971(0.310)	0.088(0.035)	16.487(0.044)	35.977(0.166)	0.015(0.002)	
2001az	CFA3	0.040(0.001)	52030.96(1.33)	1.0000	1.173(0.709)	-0.082(0.035)	16.672(0.060)	36.454(0.162)	0.048(0.008)	
2001bf	CFA3	0.015(0.001)	52046.87(0.47)	0.2710	0.583(0.157)	0.001(0.033)	14.504(0.067)	33.938(0.185)	0.079(0.013)	
2001eh	CFA3	0.037(0.001)	52170.11(0.62)	0.6380	1.614(0.232)	-0.028(0.032)	16.383(0.048)	36.054(0.154)	0.050(0.008)	
2001ep	CFA3	0.013(0.001)	52200.24(0.18)	0.9270	-0.908(0.105)	0.081(0.029)	14.650(0.042)	33.619(0.195)	0.039(0.006)	
2001fe	CFA3	0.015(0.001)	52229.24(0.46)	0.9980	0.561(0.155)	-0.022(0.029)	14.422(0.035)	33.927(0.189)	0.018(0.003)	
2002G	CFA3	0.035(0.001)	52300.13(0.60)	0.5760	-1.401(0.524)	0.203(0.050)	17.312(0.081)	35.822(0.181)	0.010(0.002)	
2002cr	CFA3	0.010(0.001)	52408.90(0.08)	0.9750	-0.463(0.120)	-0.020(0.029)	13.944(0.038)	33.300(0.227)	0.019(0.003)	
2002de	CFA3	0.028(0.001)	52433.96(0.33)	0.9990	0.548(0.644)	0.111(0.033)	16.415(0.038)	35.492(0.165)	0.015(0.002)	
2002dp	CFA3	0.011(0.001)	52451.16(0.24)	0.9830	-0.086(0.323)	0.093(0.033)	14.340(0.046)	33.385(0.220)	0.040(0.006)	
2002dj	CFA3	0.010(0.001)	52451.46(0.16)	0.9760	0.120(0.204)	0.074(0.031)	13.716(0.063)	32.852(0.224)	0.078(0.012)	
2002ha	CFA3	0.014(0.001)	52581.41(0.20)	1.0000	-1.334(0.137)	-0.062(0.035)	14.469(0.065)	33.836(0.195)	0.079(0.013)	
2002he	CFA3	0.025(0.001)	52586.17(0.16)	1.0000	-1.677(0.267)	-0.044(0.041)	15.992(0.061)	35.254(0.162)	0.032(0.005)	
2002hu	CFA3	0.038(0.001)	52592.48(0.19)	0.9940	0.409(0.178)	-0.073(0.029)	16.379(0.040)	36.024(0.144)	0.036(0.006)	
2002jy	CFA3	0.022(0.001)	52634.50(0.52)	0.9950	0.787(0.193)	-0.034(0.031)	15.486(0.047)	35.059(0.166)	0.044(0.007)	
2002kf	CFA3	0.020(0.001)	52640.23(0.43)	0.9630	-1.124(0.117)	-0.013(0.034)	15.501(0.070)	34.741(0.168)	0.086(0.014)	
2003U	CFA3	0.028(0.001)	52677.57(0.22)	0.9960	-1.985(0.549)	-0.035(0.047)	16.213(0.061)	35.401(0.171)	0.024(0.004)	
2003ch	CFA3	0.030(0.001)	52726.30(0.42)	0.9340	-1.264(0.215)	-0.031(0.034)	16.438(0.054)	35.717(0.159)	0.057(0.009)	
2003cq	CFA3	0.034(0.001)	52739.77(0.22)	0.1830	-0.713(0.203)	0.091(0.059)	16.904(0.069)	35.869(0.184)	0.016(0.003)	
2003fa	CFA3	0.039(0.001)	52807.40(0.11)	0.9600	1.408(0.172)	-0.031(0.029)	16.466(0.040)	36.116(0.143)	0.032(0.005)	
2003ic	CFA3	0.054(0.001)	52907.08(1.17)	0.9870	-1.796(0.332)	-0.018(0.045)	17.378(0.068)	36.538(0.166)	0.031(0.005)	
2003iv	CFA3	0.035(0.001)	52934.29(0.54)	0.9980	-2.023(0.316)	-0.054(0.042)	16.812(0.077)	36.057(0.165)	0.098(0.016)	
2003it	CFA3	0.024(0.001)	52935.27(0.53)	0.7290	-1.524(0.244)	0.043(0.037)	16.127(0.054)	35.132(0.170)	0.055(0.009)	
2003kc	CFA3	0.035(0.001)	52979.25(0.68)	0.0011	-0.708(0.225)	0.111(0.045)	16.901(0.065)	35.803(0.160)	0.017(0.003)	
2004as	CFA3	0.033(0.001)	53086.26(0.22)	0.8210	0.358(0.195)	0.023(0.032)	16.682(0.036)	36.013(0.152)	0.012(0.002)	
2004bg	CFA3	0.022(0.001)	53110.07(0.70)	0.1120	0.462(0.168)	-0.024(0.032)	15.391(0.054)	34.887(0.160)	0.018(0.003)	
2004ef	CFA3	0.030(0.001)	53265.04(0.80)	0.9980	-1.671(0.307)	0.088(0.043)	16.654(0.053)	35.492(0.246)	0.044(0.007)	
2005M	CFA3	0.026(0.001)	53402.76(1.77)	0.0748	1.893(0.707)	0.170(0.066)	15.894(0.083)	34.970(0.308)	0.026(0.004)	
2005am	CFA3	0.010(0.001)	53436.51(0.29)	0.9970	-1.741(0.069)	0.046(0.030)	13.394(0.046)	32.357(0.231)	0.044(0.007)	
2005el	CFA3	0.015(0.001)	53646.66(0.11)	0.9370	-1.242(0.060)	-0.070(0.031)	14.671(0.066)	34.076(0.287)	0.084(0.013)	
2005eq	CFA3	0.029(0.001)	53654.70(0.16)	1.0000	1.208(0.130)	-0.017(0.030)	16.032(0.051)	35.611(0.213)	0.058(0.009)	
2005eu	CFA3	0.035(0.001)	53660.70(0.14)	0.1520	0.903(0.126)	-0.068(0.036)	16.258(0.076)	35.955(0.147)	0.100(0.016)	
2005hc	CFA3	0.045(0.001)	53668.36(0.19)	0.9450	0.409(0.143)	-0.024(0.029)	17.114(0.034)	36.604(0.202)	0.026(0.004)	
2005hj	CFA3	0.057(0.001)	53673.28(1.07)	0.7920	2.303(0.495)	-0.060(0.040)	17.454(0.054)	37.326(0.247)	0.032(0.005)	
2005ir	CFA3	0.075(0.001)	53683.45(1.05)	0.6880	2.994(0.788)	-0.043(0.046)	18.247(0.055)	38.157(0.295)	0.025(0.004)	
2005iq	CFA3	0.034(0.001)	53687.83(0.19)	1.0000	-1.147(0.152)	-0.087(0.029)	16.558(0.033)	36.031(0.209)	0.017(0.003)	
2005kc	CFA3	0.015(0.001)	53697.83(0.11)	0.0018	-0.328(0.098)	0.242(0.034)	15.441(0.075)	33.976(0.260)	0.097(0.016)	
2005ki	CFA3	0.020(0.001)	53705.44(0.13)	0.9910	-1.636(0.112)	-0.075(0.034)	15.327(0.041)	34.694(0.239)	0.026(0.004)	
2005mc	CFA3	0.026(0.001)	53733.95(0.31)	0.6290	-2.469(0.179)	0.238(0.036)	17.013(0.045)	35.261(0.231)	0.036(0.006)	
2005lz	CFA3	0.041(0.001)	53736.06(0.21)	0.0874	-1.018(0.164)	0.064(0.035)	17.384(0.060)	36.392(0.151)	0.085(0.014)	
2005na	CFA3	0.027(0.001)	53741.67(0.54)	0.7100	-0.310(0.127)	-0.018(0.035)	15.859(0.062)	35.228(0.219)	0.062(0.010)	
2005ms	CFA3	0.027(0.001)	53744.16(0.11)	0.9620	0.334(0.125)	-0.050(0.029)	15.876(0.038)	35.437(0.153)	0.027(0.004)	
2006D	CFA3	0.010(0.001)	53757.48(0.14)	1.0000	-1.496(0.100)	-0.002(0.029)	13.854(0.042)	33.006(0.231)	0.037(0.006)	
2006N	CFA3	0.014(0.001)	53761.04(0.29)	0.7650	-2.008(0.117)	-0.022(0.033)	14.869(0.064)	34.013(0.189)	0.078(0.012)	
2006S	CFA3	0.033(0.001)	53770.16(0.17)	0.1660	0.856(0.110)	0.049(0.028)	16.596(0.031)	35.915(0.147)	0.014(0.002)	
2006ac	CFA3	0.024(0.001)	53781.88(0.14)	0.9170	-0.994(0.099)	0.039(0.029)	15.897(0.033)	34.988(0.155)	0.013(0.002)	
2006an	CFA3	0.065(0.001)	53790.55(0.04)	0.0011	0.338(0.230)	-0.044(0.033)	17.818(0.049)	37.361(0.153)	0.022(0.003)	
2006az	CFA3	0.032(0.001)	53826.97(0.13)	0.5090	-1.423(0.070)	-0.074(0.028)	16.227(0.030)	35.619(0.147)	0.012(0.002)	
2006ax	CFA3	0.017(0.001)	53827.49(0.06)	0.9990	0.270(0.066)	-0.081(0.028)	14.796(0.041)	34.449(0.241)	0.041(0.007)	
2006bt	CFA3	0.032(0.001)	53858.36(0.20)	0.1530	0.127(0.107)	0.097(0.028)	16.678(0.040)	35.742(0.146)	0.041(0.007)	
2006cf	CFA3	0.042(0.001)	53875.05(0.86)	0.2870	-0.609(0.331)	-0.097(0.042)	16.820(0.055)	36.400(0.164)	0.013(0.002)	
2006cj	CFA3	0.068(0.001)	53875.92(1.40)	1.0000	2.546(0.919)	-0.099(0.034)	17.876(0.042)	37.904(0.185)	0.010(0.002)	
2006cq	CFA3	0.049(0.001)	53889.95(0.51)	0.9460	0.196(0.541)	0.005(0.033)	17.325(0.035)	36.693(0.157)	0.013(0.002)	
2006cp	CFA3	0.023(0.001)	53897.70(0.09)	0.9700	0.290(0.111)	0.056(0.030)	15.711(0.037)	34.927(0.160)	0.023(0.004)	
2006cz	CFA3	0.043(0.001)	53907.02(1.58)	0.0429	1.613(0.710)	0.103(0.056)	16.755(0.070)	36.007(0.245)	0.081(0.013)	
2006et	CFA3	0.022(0.001)	53994.52(0.33)	0.9880	0.693(0.192)	0.130(0.032)	15.704(0.040)	34.740(0.232)	0.015(0.002)	
2006gr	CFA3	0.034(0.001)	54013.36(0.10)	0.8150	0.814(0.108)	0.060(0.030)	16.716(0.056)	35.992(0.146)	0.069(0.011)	
2006kf	CFA3	0.021(0.001)	54041.32(0.31)	0.9740	-2.181(0.135)	-0.052(0.046)	15.724(0.123)	34.941(0.237)	0.180(0.029)	
2006mo	CFA3	0.037(0.001)	54047.86(0.41)	0.9700	-2.110(0.172)	0.037(0.038)	17.181(0.053)	36.123(0.158)	0.036(0.006)	
2006le	CFA3	0.017(0.001)	54048.46(0.06)	1.0000	0.839(0.077)	-0.058(0.057)	14.766(0.189)	34.423(0.168)	0.305(0.049)	
2006mp	CFA3	0.023(0.001)	54054.31(0.18)	0.9890	0.921(0.253)	0.005(0.031)	15.729(0.038)	35.198(0.163)	0.029(0.005)	
2006ob	CFA3	0.059(0.001)	54063.04(0.23)	0.8430	-2.215(0.214)	-0.019(0.035)	17.975(0.038)	37.081(0.214)	0.026(0.004)	
2006on	CFA3	0.068(0.001)	54064.14(0.84)	0.9450	0.829(0.798)	0.101(0.056)	18.280(0.090)	37.428(0.188)	0.104(0.017)	
2006oa	CFA3	0.059(0.001)	54067.05(0.19)	0.8930	1.152(0.315)	-0.008(0.032)	17.633(0.040)	37.173(0.145)	0.032(0.005)	
2006qo	CFA3	0.029(0.001)	54083.00(0.09)	0.9450	0.337(0.093)	0.173(0.029)	16.581(0.039)	35.430(0.149)	0.032(0.005)	
2006sr	CFA3	0.024(0.001)	54092.89(0.20)	0.9760	-1.311(0.162)	-0.009(0.033)	15.895(0.061)	35.095(0.159)	0.075(0.012)	
2006te	CFA3	0.032(0.001)	54097.37(0.51)	0.8750	-0.159(0.130)	-0.078(0.034)	16.288(0.051)	35.871(0.153)	0.037(0.006)	
2006td	CFA3	0.016(0.001)	54098.92(0.47)	1.0000	-1.335(0.181)	0.101(0.033)	15.477(0.062)	34.322(0.181)	0.071(0.011)	
2007F	CFA3	0.025(0.001)	54123.97(0.08)	1.0000	0.549(0.073)	-0.050(0.027)	15.631(0.030)	35.222(0.154)	0.013(0.002)	
2007R	CFA3	0.031(0.001)	54129.49(0.51)	0.0978	-1.247(0.132)	-0.083(0.035)	16.453(0.059)	35.898(0.159)	0.038(0.006)	
2007ai	CFA3	0.032(0.001)	54173.83(0.55)	0.2080	1.261(0.297)	0.208(0.054)	16.841(0.159)	35.706(0.241)	0.246(0.039)	
2007au	CFA3	0.020(0.001)	54184.23(0.16)	0.4100	-2.818(0.176)	0.188(0.035)	16.311(0.054)	34.670(0.168)	0.055(0.009)	
2007bc	CFA3	0.022(0.001)	54200.56(0.20)	0.1130	-1.315(0.107)	0.016(0.030)	15.660(0.035)	34.781(0.230)	0.018(0.003)	
2007bd	CFA3	0.032(0.001)	54206.64(0.10)	1.0000	-1.356(0.104)	-0.048(0.030)	16.315(0.036)	35.635(0.212)	0.027(0.004)	
2007ca	CFA3	0.015(0.001)	54227.85(0.12)	0.3870	0.553(0.115)	0.217(0.030)	15.691(0.049)	34.429(0.256)	0.054(0.009)	
2007ci	CFA3	0.019(0.001)	54246.73(0.10)	0.6890	-2.753(0.188)	0.030(0.035)	15.615(0.042)	34.488(0.172)	0.021(0.003)	
2007co	CFA3	0.027(0.001)	54265.13(0.11)	1.0000	-0.162(0.095)	0.079(0.030)	16.266(0.063)	35.347(0.149)	0.081(0.013)	
2007cp	CFA3	0.038(0.001)	54269.75(0.45)	0.0345	-2.905(1.078)	-0.026(0.059)	16.905(0.062)	35.936(0.276)	0.036(0.006)	
2007cq	CFA3	0.025(0.001)	54281.04(0.12)	0.5920	-0.642(0.163)	-0.037(0.030)	15.605(0.062)	34.988(0.152)	0.079(0.013)	
2007qe	CFA3	0.024(0.001)	54429.80(0.06)	0.9870	0.689(0.076)	0.048(0.027)	15.803(0.036)	35.102(0.155)	0.031(0.005)	
2008L	CFA3	0.019(0.001)	54493.39(0.42)	0.7630	-1.550(0.155)	-0.089(0.042)	14.977(0.091)	34.399(0.180)	0.118(0.019)	
2008bf	CFA3	0.022(0.001)	54555.01(0.15)	0.9610	0.319(0.103)	-0.023(0.028)	15.464(0.035)	34.939(0.158)	0.027(0.004)	
2007A	CFA4	0.017(0.001)	54113.33(0.21)	0.9540	0.427(0.272)	0.068(0.037)	15.379(0.059)	34.575(0.314)	0.059(0.010)	
2007fb	CFA4	0.017(0.001)	54288.69(0.87)	0.9940	-1.748(0.474)	-0.118(0.047)	15.267(0.069)	34.754(0.243)	0.045(0.007)	
2007hu	CFA4	0.036(0.001)	54353.23(2.11)	0.5630	-1.257(0.526)	0.210(0.076)	17.458(0.153)	35.965(0.262)	0.037(0.006)	
2007kh	CFA4	0.050(0.001)	54365.04(0.15)	0.6680	0.978(0.977)	0.087(0.112)	17.536(0.264)	36.748(0.482)	0.147(0.023)	
2007jg	CFA4	0.037(0.001)	54366.42(0.52)	0.9570	-0.714(0.154)	-0.056(0.039)	16.968(0.071)	36.403(0.280)	0.079(0.013)	
2007is	CFA4	0.030(0.001)	54366.93(0.73)	0.6780	-0.462(0.213)	0.031(0.037)	16.198(0.046)	35.388(0.207)	0.016(0.003)	
2007kk	CFA4	0.041(0.001)	54383.80(0.38)	1.0000	0.847(0.172)	-0.022(0.041)	16.710(0.113)	36.255(0.194)	0.169(0.027)	
2007nq	CFA4	0.044(0.001)	54398.31(0.56)	1.0000	-1.599(0.198)	-0.066(0.038)	17.118(0.058)	36.462(0.280)	0.029(0.005)	
2007su	CFA4	0.027(0.001)	54460.46(0.89)	0.9990	0.311(0.387)	0.172(0.041)	16.634(0.078)	35.481(0.208)	0.067(0.011)	
2007ux	CFA4	0.032(0.001)	54465.77(0.52)	0.4970	-2.420(0.138)	0.154(0.045)	17.136(0.068)	35.660(0.214)	0.036(0.006)	
2008C	CFA4	0.017(0.001)	54467.32(0.45)	1.0000	-0.694(0.167)	0.096(0.035)	15.339(0.067)	34.290(0.217)	0.068(0.011)	
2007sw	CFA4	0.026(0.001)	54468.52(0.34)	0.1920	0.121(0.144)	0.098(0.033)	16.035(0.041)	35.095(0.201)	0.015(0.002)	
2008Y	CFA4	0.070(0.001)	54503.69(1.02)	0.6160	-0.565(0.277)	0.065(0.042)	18.260(0.064)	37.327(0.204)	0.010(0.002)	
2008Z	CFA4	0.022(0.001)	54515.48(0.09)	0.5980	1.010(0.128)	0.081(0.028)	16.159(0.033)	35.398(0.202)	0.009(0.001)	
2008at	CFA4	0.035(0.001)	54526.39(1.28)	0.9710	-1.501(0.249)	0.212(0.064)	17.319(0.109)	35.785(0.263)	0.074(0.012)	
2008ar	CFA4	0.027(0.001)	54534.69(0.11)	1.0000	0.003(0.096)	-0.047(0.028)	15.978(0.036)	35.484(0.196)	0.030(0.005)	
2008bz	CFA4	0.061(0.001)	54578.11(0.93)	0.8500	-0.119(0.365)	-0.129(0.040)	17.641(0.059)	37.393(0.204)	0.025(0.004)	
2008cf	CFA4	0.047(0.001)	54594.73(1.11)	1.0000	1.475(0.570)	-0.135(0.038)	16.728(0.054)	36.720(0.217)	0.054(0.009)	
2008051	CFA4	0.040(0.001)	54616.65(0.46)	0.6820	0.823(0.172)	-0.135(0.032)	16.364(0.045)	36.265(0.195)	0.035(0.006)	
2008050	CFA4	0.049(0.001)	54621.12(0.99)	0.7890	1.038(0.556)	0.024(0.038)	16.901(0.046)	36.325(0.215)	0.021(0.003)	
2008fr	CFA4	0.048(0.001)	54732.41(0.55)	1.0000	0.733(0.155)	-0.135(0.032)	16.525(0.046)	36.416(0.193)	0.036(0.006)	
2008gb	CFA4	0.036(0.001)	54747.06(0.71)	1.0000	0.067(0.299)	-0.016(0.042)	16.823(0.103)	36.239(0.204)	0.147(0.023)	
2008gl	CFA4	0.033(0.001)	54768.47(0.16)	1.0000	-1.348(0.135)	-0.032(0.032)	16.541(0.036)	35.809(0.197)	0.023(0.004)	
2008hj	CFA4	0.037(0.001)	54803.84(0.79)	0.0250	-0.536(0.376)	-0.104(0.040)	16.505(0.046)	36.116(0.208)	0.029(0.005)	
2008hm	CFA4	0.019(0.001)	54805.18(0.21)	0.9370	0.175(0.127)	-0.003(0.062)	15.461(0.205)	34.850(0.222)	0.327(0.052)	
2008hv	CFA4	0.014(0.001)	54817.10(0.11)	1.0000	-1.401(0.129)	-0.122(0.032)	14.439(0.041)	33.990(0.324)	0.026(0.004)	
2009D	CFA4	0.025(0.001)	54842.06(0.43)	0.9990	0.419(0.150)	-0.054(0.032)	15.474(0.049)	35.059(0.201)	0.043(0.007)	
2009Y	CFA4	0.010(0.001)	54876.23(0.27)	0.9000	0.376(0.101)	0.034(0.029)	13.677(0.059)	32.976(0.261)	0.075(0.012)	
2009ad	CFA4	0.029(0.001)	54886.60(0.18)	1.0000	0.180(0.106)	-0.062(0.032)	15.928(0.065)	35.508(0.196)	0.083(0.013)	
2009al	CFA4	0.024(0.001)	54897.31(0.14)	0.0082	-0.447(0.121)	0.069(0.029)	15.951(0.035)	35.025(0.202)	0.020(0.003)	
2009ds	CFA4	0.021(0.001)	54961.10(0.31)	0.9580	0.498(0.166)	-0.052(0.034)	15.227(0.045)	34.820(0.211)	0.031(0.005)	
2009kk	CFA4	0.013(0.001)	55126.85(0.37)	1.0000	-1.216(0.113)	-0.080(0.037)	14.446(0.082)	33.886(0.240)	0.118(0.019)	
2009lf	CFA4	0.044(0.001)	55150.41(0.48)	0.3280	-1.677(0.110)	-0.040(0.037)	16.672(0.054)	35.920(0.214)	0.045(0.007)	
2009kq	CFA4	0.013(0.001)	55155.14(0.29)	1.0000	-0.040(0.176)	-0.013(0.034)	14.249(0.046)	33.641(0.239)	0.035(0.006)	
2009le	CFA4	0.017(0.001)	55166.08(0.10)	0.9850	-0.000(0.207)	0.037(0.039)	15.041(0.046)	34.277(0.221)	0.014(0.002)	
2009na	CFA4	0.022(0.001)	55201.98(0.14)	0.8080	-0.738(0.137)	-0.011(0.031)	15.543(0.036)	34.830(0.204)	0.027(0.004)	
2009nq	CFA4	0.015(0.001)	55203.73(0.86)	1.0000	-0.243(0.830)	0.049(0.049)	15.053(0.091)	34.217(0.255)	0.125(0.020)	
2010A	CFA4	0.020(0.001)	55212.45(0.16)	0.9460	0.461(0.169)	0.116(0.037)	15.589(0.043)	34.639(0.219)	0.025(0.004)	
2010Y	CFA4	0.011(0.001)	55247.93(0.13)	0.9900	-2.430(0.139)	-0.040(0.036)	14.743(0.042)	33.885(0.250)	0.012(0.002)	
2010ag	CFA4	0.034(0.001)	55269.46(0.68)	0.0109	1.332(0.256)	0.067(0.034)	16.427(0.043)	35.754(0.204)	0.027(0.004)	
2010ai	CFA4	0.019(0.001)	55277.23(0.09)	1.0000	-1.563(0.130)	-0.075(0.034)	15.772(0.039)	35.147(0.210)	0.008(0.001)	
2010dw	CFA4	0.039(0.001)	55358.30(0.39)	0.3610	0.317(0.182)	0.089(0.034)	16.900(0.061)	36.014(0.197)	0.080(0.013)	
2010dt	CFA4	0.053(0.001)	55361.66(0.25)	0.2690	-0.007(0.607)	-0.071(0.054)	17.379(0.079)	36.962(0.207)	0.029(0.005)	
2004ef	CSP	0.030(0.001)	53264.17(0.05)	1.0000	-1.274(0.043)	0.076(0.021)	16.595(0.036)	35.530(0.189)	0.044(0.007)	
2004eo	CSP	0.015(0.001)	53278.34(0.04)	0.9970	-1.151(0.040)	0.002(0.024)	14.791(0.059)	33.979(0.171)	0.081(0.013)	
2004ey	CSP	0.016(0.001)	53304.48(0.06)	1.0000	0.051(0.042)	-0.103(0.025)	14.468(0.071)	34.159(0.170)	0.103(0.016)	
2004gs	CSP	0.027(0.001)	53355.60(0.14)	0.5630	-1.682(0.056)	0.126(0.022)	16.886(0.027)	35.603(0.138)	0.025(0.004)	
2004gu	CSP	0.047(0.001)	53362.46(0.23)	1.0000	1.320(0.116)	0.059(0.021)	17.162(0.025)	36.512(0.128)	0.021(0.003)	
2005M	CSP	0.023(0.001)	53406.15(0.06)	1.0000	1.170(0.063)	-0.021(0.020)	15.645(0.025)	35.233(0.202)	0.025(0.004)	
2005ag	CSP	0.080(0.001)	53415.11(0.17)	1.0000	0.134(0.080)	-0.043(0.025)	18.201(0.030)	37.713(0.127)	0.033(0.005)	
2005al	CSP	0.012(0.001)	53430.65(0.18)	1.0000	-1.183(0.056)	-0.090(0.022)	14.611(0.037)	34.089(0.193)	0.044(0.007)	
2005bg	CSP	0.025(0.001)	53470.15(0.27)	0.7460	0.288(0.120)	-0.051(0.021)	15.595(0.028)	35.155(0.141)	0.026(0.004)	
2005bo	CSP	0.014(0.001)	53478.56(0.30)	1.0000	-0.940(0.169)	0.200(0.023)	15.372(0.036)	33.956(0.179)	0.037(0.006)	
2005el	CSP	0.015(0.001)	53646.64(0.09)	0.9960	-1.212(0.077)	-0.141(0.025)	14.589(0.062)	34.224(0.245)	0.084(0.013)	
2005eq	CSP	0.029(0.001)	53654.93(0.21)	1.0000	1.232(0.107)	-0.023(0.023)	16.002(0.046)	35.602(0.194)	0.060(0.010)	
2005hc	CSP	0.045(0.001)	53667.75(0.13)	1.0000	0.691(0.088)	-0.023(0.021)	17.046(0.025)	36.570(0.179)	0.024(0.004)	
2005hj	CSP	0.057(0.001)	53674.46(0.38)	0.3750	1.419(0.187)	-0.029(0.023)	17.466(0.027)	37.114(0.186)	0.025(0.004)	
2005ir	CSP	0.075(0.001)	53685.50(0.22)	0.6950	0.399(0.170)	-0.005(0.022)	18.171(0.026)	37.598(0.177)	0.025(0.004)	
2005iq	CSP	0.034(0.001)	53687.65(0.09)	1.0000	-1.001(0.074)	-0.108(0.021)	16.498(0.023)	36.058(0.186)	0.018(0.003)	
2005kc	CSP	0.015(0.001)	53697.70(0.06)	0.9990	-0.696(0.072)	0.148(0.026)	15.268(0.070)	34.053(0.247)	0.098(0.016)	
2005ki	CSP	0.020(0.001)	53705.32(0.09)	0.9300	-1.349(0.056)	-0.101(0.022)	15.275(0.028)	34.765(0.214)	0.026(0.004)	
2005mc	CSP	0.026(0.001)	53731.24(0.34)	0.9020	-1.802(0.073)	0.192(0.025)	16.766(0.043)	35.256(0.203)	0.036(0.006)	
2005na	CSP	0.027(0.001)	53741.13(0.14)	0.2010	-0.584(0.062)	-0.096(0.023)	15.684(0.048)	35.265(0.197)	0.063(0.010)	
2006ax	CSP	0.017(0.001)	53827.53(0.04)	1.0000	0.122(0.049)	-0.097(0.020)	14.744(0.034)	34.425(0.225)	0.040(0.006)	
2006bh	CSP	0.011(0.001)	53833.42(0.10)	1.0000	-1.545(0.058)	-0.064(0.021)	14.089(0.025)	33.431(0.207)	0.021(0.003)	
2006ej	CSP	0.020(0.001)	53976.06(0.32)	1.0000	-1.421(0.081)	-0.030(0.024)	15.438(0.035)	34.689(0.154)	0.028(0.005)	
2006ev	CSP	0.028(0.001)	53989.44(0.31)	1.0000	-1.261(0.079)	0.097(0.027)	16.811(0.060)	35.681(0.140)	0.073(0.012)	
2006et	CSP	0.022(0.001)	53994.20(0.07)	1.0000	0.676(0.070)	0.130(0.020)	15.702(0.023)	34.737(0.205)	0.015(0.002)	
2006kf	CSP	0.021(0.001)	54040.91(0.14)	0.9980	-1.827(0.090)	-0.049(0.037)	15.662(0.120)	34.918(0.225)	0.182(0.029)	
2006ob	CSP	0.059(0.001)	54063.10(0.25)	0.9990	-1.884(0.145)	-0.052(0.027)	17.930(0.032)	37.189(0.192)	0.027(0.004)	
2006ot	CSP	0.052(0.001)	54063.66(0.47)	0.0458	0.695(0.138)	0.101(0.023)	17.703(0.031)	36.832(0.129)	0.018(0.003)	
2006py	CSP	0.057(0.001)	54070.95(0.44)	0.9740	0.076(0.348)	-0.001(0.025)	17.608(0.042)	36.976(0.132)	0.053(0.008)	
2007A	CSP	0.017(0.001)	54113.18(0.16)	0.9920	0.561(0.214)	0.090(0.025)	15.397(0.048)	34.541(0.236)	0.059(0.010)	
2007ai	CSP	0.032(0.001)	54173.80(0.37)	1.0000	0.976(0.156)	0.156(0.044)	16.901(0.143)	35.895(0.216)	0.215(0.034)	
2007as	CSP	0.018(0.001)	54181.66(0.22)	0.0177	-0.890(0.082)	-0.094(0.027)	15.183(0.082)	34.714(0.153)	0.124(0.020)	
2007bc	CSP	0.022(0.001)	54200.46(0.22)	1.0000	-1.109(0.092)	0.036(0.023)	15.651(0.025)	34.736(0.212)	0.018(0.003)	
2007bd	CSP	0.032(0.001)	54206.84(0.07)	0.8540	-0.953(0.072)	-0.067(0.022)	16.273(0.029)	35.708(0.190)	0.027(0.004)	
2007ca	CSP	0.015(0.001)	54227.80(0.08)	0.9970	0.573(0.076)	0.200(0.023)	15.628(0.042)	34.422(0.242)	0.053(0.008)	
2007hx	CSP	0.079(0.001)	54354.56(0.43)	0.6350	0.139(0.174)	0.116(0.025)	19.018(0.029)	38.022(0.131)	0.022(0.004)	
2007jh	CSP	0.041(0.001)	54366.71(0.16)	0.4850	-0.517(0.098)	-0.018(0.028)	17.031(0.057)	36.370(0.133)	0.077(0.012)	
2007jg	CSP	0.037(0.001)	54366.77(0.16)	0.1420	-0.616(0.098)	0.043(0.023)	17.086(0.055)	36.219(0.182)	0.079(0.013)	
2007nq	CSP	0.044(0.001)	54398.17(0.25)	1.0000	-1.784(0.090)	-0.019(0.024)	17.149(0.030)	36.316(0.185)	0.022(0.004)	
2008R	CSP	0.013(0.001)	54493.00(0.26)	0.4100	-2.000(0.084)	0.036(0.025)	14.968(0.045)	33.927(0.190)	0.053(0.008)	
2008bc	CSP	0.016(0.001)	54550.14(0.05)	0.9220	0.430(0.058)	-0.146(0.044)	14.178(0.166)	34.060(0.163)	0.292(0.047)	
2008bq	CSP	0.034(0.001)	54563.89(0.22)	1.0000	0.245(0.082)	0.061(0.024)	16.479(0.055)	35.674(0.131)	0.075(0.012)	
2008gp	CSP	0.033(0.001)	54779.20(0.06)	0.9990	-0.178(0.054)	-0.073(0.025)	16.175(0.063)	35.741(0.132)	0.090(0.014)	
2008ia	CSP	0.023(0.001)	54813.07(0.14)	0.9840	-1.308(0.081)	-0.029(0.032)	15.702(0.103)	34.967(0.146)	0.159(0.025)	
2008hv	CSP	0.014(0.001)	54817.02(0.06)	0.9910	-1.260(0.064)	-0.072(0.021)	14.460(0.028)	33.870(0.254)	0.026(0.004)	
#
#Notes. Fit parameters of all low-z SNe Ia that passed all cuts. The redshift is corrected for coherent flow effects. tpeak is the fitted time of B-band maximum mB. Pfit is the SALT2 fit probability. x1, c, mB, and mu are the parameters as defined in Equation (2). The Milky Way Galaxy reddening is given in the direction of the SN by Schlegel et al. (1998), and corrected by 6%-14% as described in S14.